##  problem1 ##

	Finished in 22 Steps.
	Reward result-> 311 
	Door opened at step True
Solved problem1 in 0.046 seconds
###############################################

	Finished in 31 Steps.
	Reward result-> 135 
	Door opened at step True
Solved problem1 in 0.040 seconds
###############################################

	Finished in 33 Steps.
	Reward result-> 188.5 
	Door opened at step True
Solved problem1 in 0.034 seconds
###############################################

	Finished in 34 Steps.
	Reward result-> 129 
	Door opened at step True
Solved problem1 in 0.048 seconds
###############################################

	Finished in 45 Steps.
	Reward result-> 17 
	Door opened at step True
Solved problem1 in 0.079 seconds
###############################################
##  problem2 ##

	Finished in 92 Steps.
	Reward result-> 189 
	Door opened at step True
Solved problem2 in 3.632 seconds
###############################################
Game result:
	Map state ->
 [[99 99 99 99 99 99 99 99 99 99 99 99 99 99 99]
 [99 98  1 98 99 99 99 99 99 99 99 99 99 99 99]
 [99 98 99 98 99 99 99 99 99 99 98 98 99 99 99]
 [99 98 99 98 98 99 25 98 99 99 98 98 98 99 99]
 [99 98 99 98  2 45 98 98 98 98 98 98 98 99 99]
 [99 98 99 99 99 99 98 98 99 99 99 42 99 99 99]
 [99 98 98 98 98 99 99 99 99 99 22 98 98 99 99]
 [99 99 99 99 98 99 12 15 98 99 98 98 98 99 99]
 [99 98 98 98 98 99 98 98 98 99 98 98 98 99 99]
 [99 98 99 99 33 98 98 98 98 99 99 98 99 99 99]
 [99 98 99 99 98 98 98 98 98 99 30 98 98 98 99]
 [99 98 99 99 98 98 99 98 98 99 98 98 98 98 99]
 [99 98 99 99 98 98 98 98 98 98 98 98 98 98 99]
 [99 98 98 98 98 98 98 98 98 99 31 98 98 98 99]
 [99 99 99 99 99 99 99 99 99 99 99 99 99 99 99]] 
	Finished in 200 Steps.
	Reward result-> -407
Solved problem2 in 6.333 seconds
###############################################
Game result:
	Map state ->
 [[99 99 99 99 99 99 99 99 99 99 99 99 99 99 99]
 [99 98 98 98 99 99 99 99 99 99 99 99 99 99 99]
 [99 98 99 98 99 99 99 99 99 99 98 98 99 99 99]
 [99 98 99 98 98 99 25 98 99 99 98 98 98 99 99]
 [99 98 99 98  2 45 98 98 98 98 98 98 98 99 99]
 [99 98 99 99 99 99 98 98 99 99 99 42 99 99 99]
 [99 98 98 98 98 99 99 99 99 99 22 98 98 99 99]
 [99 99 99 99 98 99 98 98 98 99 98 98 98 99 99]
 [99 98 98 98 98 99 12 98 98 99 98 98 98 99 99]
 [99 98 99 99 23 98 98 15 98 99 99 98 99 99 99]
 [99 98 99 99 98 98 98 98 98 99 20 98 98 10 99]
 [99 98 99 99 98 98 99 98 98 99 98 98 98 98 99]
 [99 98 99 99 98 13 98 98 98 40 98 98  1 98 99]
 [99 98 43 98 98 98 98 98 98 99 31 98 98 98 99]
 [99 99 99 99 99 99 99 99 99 99 99 99 99 99 99]] 
	Finished in 200 Steps.
	Reward result-> -80.0
Solved problem2 in 1.677 seconds
###############################################

	Finished in 199 Steps.
	Reward result-> -526 
	Door opened at step True
Solved problem2 in 11.970 seconds
###############################################
Game result:
	Map state ->
 [[99 99 99 99 99 99 99 99 99 99 99 99 99 99 99]
 [99 98 98 98 99 99 99 99 99 99 99 99 99 99 99]
 [99 98 99 98 99 99 99 99 99 99 98 98 99 99 99]
 [99 98 99 98 98 99 25 98 99 99 98 98 98 99 99]
 [99 98 99 98  2 45 98 98 98 98 98 98 98 99 99]
 [99 98 99 99 99 99 98 98 99 99 99 42 99 99 99]
 [99 98 98 98 98 99 99 99 99 99 22 98 98 99 99]
 [99 99 99 99 98 99 98 98 98 99 98 98 98 99 99]
 [99 98 98 98 98 99 12 98 98 99  1 98 98 99 99]
 [99 98 99 99 23 98 98 15 98 99 99 98 99 99 99]
 [99 98 99 99 98 98 98 98 98 99 20 98 98 10 99]
 [99 98 99 99 98 98 99 98 98 99 98 98 98 98 99]
 [99 98 99 99 98 13 98 98 98 40 98 98 98 98 99]
 [99 98 43 98 98 98 98 98 98 99 31 98 98 98 99]
 [99 99 99 99 99 99 99 99 99 99 99 99 99 99 99]] 
	Finished in 200 Steps.
	Reward result-> -985
Solved problem2 in 4.039 seconds
###############################################
##  problem3 ##

	Finished in 23 Steps.
	Reward result-> 309 
	Door opened at step True
Solved problem3 in 0.026 seconds
###############################################

	Finished in 31 Steps.
	Reward result-> 135 
	Door opened at step True
Solved problem3 in 0.041 seconds
###############################################

	Finished in 80 Steps.
	Reward result-> 165.0 
	Door opened at step True
Solved problem3 in 0.043 seconds
###############################################

	Finished in 30 Steps.
	Reward result-> 145 
	Door opened at step True
Solved problem3 in 0.031 seconds
###############################################

	Finished in 44 Steps.
	Reward result-> 22 
	Door opened at step True
Solved problem3 in 0.036 seconds
###############################################
##  problem4 ##

	Finished in 29 Steps.
	Reward result-> 304 
	Door opened at step True
Solved problem4 in 0.100 seconds
###############################################

	Finished in 40 Steps.
	Reward result-> 122 
	Door opened at step True
Solved problem4 in 0.082 seconds
###############################################

	Finished in 44 Steps.
	Reward result-> 178.0 
	Door opened at step True
Solved problem4 in 0.053 seconds
###############################################

	Finished in 48 Steps.
	Reward result-> 58 
	Door opened at step True
Solved problem4 in 0.095 seconds
###############################################
Game result:
	Map state ->
 [[99 99 99 99 99 99 99 99]
 [99  2 98 98 41 98 98 99]
 [99 98 99 99 99 98 98 99]
 [99 98 99 10 98 11 21 99]
 [99 40 99 98 99 99 99 99]
 [99 98 98  1 98 98 20 99]
 [99 98 98 98 98 98 98 99]
 [99 99 99 99 99 99 99 99]] 
	Finished in 200 Steps.
	Reward result-> -1000
Solved problem4 in 0.101 seconds
###############################################
##  problem5 ##
Game result:
	Map state ->
 [[99 99 99 99 99 99 99 99 99 99]
 [99 32 98 98 98 98 98 98 98 99]
 [99 98 98 98 98 11 10 99 98 99]
 [99 98 98 99  1 99 99 99 98 99]
 [99 98 99 99 98 98 98 99 40 99]
 [99 41 99 98 98 98 21 99 98 99]
 [99 98 99 98 98 98 20 99 98 99]
 [99 98 99 99 99 99 99 99 98 99]
 [99  2 98 98 98 98 98 98 98 99]
 [99 99 99 99 99 99 99 99 99 99]] 
	Finished in 200 Steps.
	Reward result-> -391
Solved problem5 in 0.523 seconds
###############################################
Game result:
	Map state ->
 [[99 99 99 99 99 99 99 99 99 99]
 [99 32 98  1 98 98 98 98 98 99]
 [99 11 98 98 98 98 10 99 98 99]
 [99 98 98 99 98 99 99 99 98 99]
 [99 98 99 99 98 98 98 99 40 99]
 [99 41 99 98 98 98 21 99 98 99]
 [99 98 99 98 98 98 20 99 98 99]
 [99 98 99 99 99 99 99 99 98 99]
 [99  2 98 98 98 98 98 98 98 99]
 [99 99 99 99 99 99 99 99 99 99]] 
	Finished in 200 Steps.
	Reward result-> -385
Solved problem5 in 0.379 seconds
###############################################

	Finished in 170 Steps.
	Reward result-> 135.0 
	Door opened at step True
Solved problem5 in 0.628 seconds
###############################################

	Finished in 106 Steps.
	Reward result-> -174 
	Door opened at step True
Solved problem5 in 0.409 seconds
###############################################
Game result:
	Map state ->
 [[99 99 99 99 99 99 99 99 99 99]
 [99 32 11 98 98 98  1 98 98 99]
 [99 98 98 98 98 98 10 99 98 99]
 [99 98 98 99 98 99 99 99 98 99]
 [99 98 99 99 98 98 98 99 40 99]
 [99 41 99 98 98 98 21 99 98 99]
 [99 98 99 98 98 98 20 99 98 99]
 [99 98 99 99 99 99 99 99 98 99]
 [99  2 98 98 98 98 98 98 98 99]
 [99 99 99 99 99 99 99 99 99 99]] 
	Finished in 200 Steps.
	Reward result-> -1000
Solved problem5 in 0.489 seconds
###############################################
##  problem6 ##

	Finished in 86 Steps.
	Reward result-> 201 
	Door opened at step True
Solved problem6 in 2.580 seconds
###############################################
Game result:
	Map state ->
 [[99 99 99 99 99 99 99 99 99 99 99 99 99 99 99]
 [99 99 99 99 99 99 99 99 99 99 98 98 98 98 99]
 [99 99 99 98 98 99 99 99 99 99 98 99 98 98 99]
 [99 99 98 98 98 99 99 98 25 99 98 98 99 98 99]
 [99 99 98 98 98 98 98 98 45 98  2 98 99 98 99]
 [99 99 99 42 99 99 99 98 98 99 99 99 99 98 99]
 [99 99 98 98 22 99 99 99 99 99 98 98 98 98 99]
 [99 99 98 98 98 99 98 98 98 99 98 99 99 99 99]
 [99 99 98 98 98 99 98 98 12 99 98 98 98 98 99]
 [99 99 99 98 99 99 98 15 98 98 23 99 99 98 99]
 [99 98  1 98 30 99 98 98 98 98 98 99 99 98 99]
 [99 98 98 98 98 99 98 98 99 98 98 99 99 98 99]
 [99 98 98 98 98 98 98 98 98 13 98 99 99 98 99]
 [99 98 98 98 31 99 98 98 98 98 98 98 43 98 99]
 [99 99 99 99 99 99 99 99 99 99 99 99 99 99 99]] 
	Finished in 200 Steps.
	Reward result-> -401
Solved problem6 in 11.635 seconds
###############################################
Game result:
	Map state ->
 [[99 99 99 99 99 99 99 99 99 99 99 99 99 99 99]
 [99 99 99 99 99 99 99 99 99 99 98 98 98 98 99]
 [99 99 99 98 98 99 99 99 99 99 98 99 98 98 99]
 [99 99 98 98 98 99 99 98 25 99 98 98 99 98 99]
 [99 99 98 98 98 98 98 98 45 98  2 98 99 98 99]
 [99 99 99 42 99 99 99 98 98 99 99 99 99  1 99]
 [99 99 98 98 22 99 99 99 99 99 98 98 98 98 99]
 [99 99 98 98 98 99 98 98 12 99 98 99 99 99 99]
 [99 99 98 98 98 99 98 98 15 99 98 98 98 98 99]
 [99 99 99 98 99 99 98 98 98 98 33 99 99 98 99]
 [99 98 98 98 30 99 98 98 98 98 98 99 99 98 99]
 [99 98 98 98 98 99 98 98 99 98 98 99 99 98 99]
 [99 98 98 98 98 98 98 98 98 98 98 99 99 98 99]
 [99 98 98 98 31 99 98 98 98 98 98 98 98 98 99]
 [99 99 99 99 99 99 99 99 99 99 99 99 99 99 99]] 
	Finished in 200 Steps.
	Reward result-> -45.0
Solved problem6 in 8.252 seconds
###############################################

	Finished in 165 Steps.
	Reward result-> -390 
	Door opened at step True
Solved problem6 in 5.834 seconds
###############################################
Game result:
	Map state ->
 [[99 99 99 99 99 99 99 99 99 99 99 99 99 99 99]
 [99 99 99 99 99 99 99 99 99 99 98 98 98 98 99]
 [99 99 99 98 98 99 99 99 99 99 98 99 98 98 99]
 [99 99 98 98 98 99 99 98 25 99 98 98 99 98 99]
 [99 99 98 98 98 98 98 98 45 98  2 98 99 98 99]
 [99 99 99 42 99 99 99 98 98 99 99 99 99 98 99]
 [99 99 98 98 22 99 99 99 99 99 98 98 98 98 99]
 [99 99 98 98 98 99 98 98 98 99 98 99 99 99 99]
 [99 99 98 98 98 99 98 98 12 99 98 98 98 98 99]
 [99 99 99 98 99 99 98 15 98 98 23 99 99 98 99]
 [99 10 98  1 20 99 98 98 98 98 98 99 99 98 99]
 [99 98 98 98 98 99 98 98 99 98 98 99 99 98 99]
 [99 98 98 98 98 40 98 98 98 13 98 99 99 98 99]
 [99 98 98 98 31 99 98 98 98 98 98 98 43 98 99]
 [99 99 99 99 99 99 99 99 99 99 99 99 99 99 99]] 
	Finished in 200 Steps.
	Reward result-> -985
Solved problem6 in 1.658 seconds
###############################################
##  problem7 ##
Game result:
	Map state ->
 [[99 99 99 99 99 99 99 99 99 99 99 99 99 99 99]
 [99 98 98 98 98 98 98 98 98 98 98 98 98 13 99]
 [99 98 99 99 99 99 99 99 99 99 99 99 99 98 99]
 [99 98 99 21 98 99 23 98 98 98 98 98 98 98 99]
 [99 98 99 98 98 43 10 98 98 98 98 98 98 98 99]
 [99 98 99 11 98 99 98 98 98 98 98 98 98 98 99]
 [99 98 99 98 98 99 98  1 98 98 98 99 99 99 99]
 [99 98 99 99 99 99 99 99 41 99 99 99 98  2 99]
 [99 98 99 98 98 98 99 98 98 98 98 99 98 98 99]
 [99 98 99 98 98 98 99 98 98 98 14 99 98 98 99]
 [99 98 99 98 98 98 99 98 98 98 98 99 98 98 99]
 [99 98 99 20 98 98 44 98 98 98 24 99 98 98 99]
 [99 98 99 99 99 99 99 99 99 99 99 99 99 40 99]
 [99 98 98 98 98 98 98 98 98 98 98 98 98 98 99]
 [99 99 99 99 99 99 99 99 99 99 99 99 99 99 99]] 
	Finished in 200 Steps.
	Reward result-> -400
Solved problem7 in 10.488 seconds
###############################################
Game result:
	Map state ->
 [[99 99 99 99 99 99 99 99 99 99 99 99 99 99 99]
 [99 98 98 98 98 98 98 98 98 98 98 98 98 98 99]
 [99 98 99 99 99 99 99 99 99 99 99 99 99 98 99]
 [99 98 99 21 98 99 23  1 98 98 98 98 98 98 99]
 [99 98 99 98 98 43 13 98 98 98 98 98 98 98 99]
 [99 98 99 11 98 99 98 98 98 98 98 98 98 98 99]
 [99 98 99 98 98 99 98 10 98 98 98 99 99 99 99]
 [99 98 99 99 99 99 99 99 41 99 99 99 98  2 99]
 [99 98 99 98 98 98 99 98 98 98 98 99 98 98 99]
 [99 98 99 98 98 98 99 98 98 98 14 99 98 98 99]
 [99 98 99 98 98 98 99 98 98 98 98 99 98 98 99]
 [99 98 99 20 98 98 44 98 98 98 24 99 98 98 99]
 [99 98 99 99 99 99 99 99 99 99 99 99 99 40 99]
 [99 98 98 98 98 98 98 98 98 98 98 98 98 98 99]
 [99 99 99 99 99 99 99 99 99 99 99 99 99 99 99]] 
	Finished in 200 Steps.
	Reward result-> -400
Solved problem7 in 9.558 seconds
###############################################
Game result:
	Map state ->
 [[99 99 99 99 99 99 99 99 99 99 99 99 99 99 99]
 [99 98 98 98 98 98 98 98 98 98 98 98 98 98 99]
 [99 98 99 99 99 99 99 99 99 99 99 99 99 98 99]
 [99 98 99 21 98 99 33 98 98 98 98 98 98 98 99]
 [99 98 99 98 98 98 98 98 98 98 98 98 98 98 99]
 [99 98 99 98 98 99 98 98 98 98 98 98 98 98 99]
 [99 98 99 11 98 99 10 98  1 98 98 99 99 99 99]
 [99 98 99 99 99 99 99 99 41 99 99 99 98  2 99]
 [99 98 99 98 98 98 99 98 98 98 98 99 98 98 99]
 [99 98 99 98 98 98 99 98 98 98 14 99 98 98 99]
 [99 98 99 98 98 98 99 98 98 98 98 99 98 98 99]
 [99 98 99 20 98 98 44 98 98 98 24 99 98 98 99]
 [99 98 99 99 99 99 99 99 99 99 99 99 99 40 99]
 [99 98 98 98 98 98 98 98 98 98 98 98 98 98 99]
 [99 99 99 99 99 99 99 99 99 99 99 99 99 99 99]] 
	Finished in 200 Steps.
	Reward result-> -90.0
Solved problem7 in 31.880 seconds
###############################################
Game result:
	Map state ->
 [[99 99 99 99 99 99 99 99 99 99 99 99 99 99 99]
 [99 98 98 98 98 98 98 98 98 98 98 98 98 98 99]
 [99 98 99 99 99 99 99 99 99 99 99 99 99 98 99]
 [99 98 99 21 98 99 33 98 98 98 98 98 98 98 99]
 [99 98 99 98 98 98 98 98 98 98 98  1 98 98 99]
 [99 98 99 98 98 99 98 98 98 98 98 98 98 98 99]
 [99 98 99 11 98 99 98 98 98 98 10 99 99 99 99]
 [99 98 99 99 99 99 99 99 41 99 99 99 98  2 99]
 [99 98 99 98 98 98 99 98 98 98 98 99 98 98 99]
 [99 98 99 98 98 98 99 98 98 98 14 99 98 98 99]
 [99 98 99 98 98 98 99 98 98 98 98 99 98 98 99]
 [99 98 99 20 98 98 44 98 98 98 24 99 98 98 99]
 [99 98 99 99 99 99 99 99 99 99 99 99 99 40 99]
 [99 98 98 98 98 98 98 98 98 98 98 98 98 98 99]
 [99 99 99 99 99 99 99 99 99 99 99 99 99 99 99]] 
	Finished in 200 Steps.
	Reward result-> -780
Solved problem7 in 14.978 seconds
###############################################
Game result:
	Map state ->
 [[99 99 99 99 99 99 99 99 99 99 99 99 99 99 99]
 [99 98 98 98 98 98 98 98 98 98 98 98 98 98 99]
 [99 98 99 99 99 99 99 99 99 99 99 99 99 98 99]
 [99 98 99 31 98 99 33 98 98  1 98 98 98 98 99]
 [99 98 99 98 98 98 98 98 98 98 98 98 98 98 99]
 [99 98 99 98 98 99 98 98 98 98 98 98 98 98 99]
 [99 98 99 98 98 99 98 98 98 98 98 99 99 99 99]
 [99 98 99 99 99 99 99 99 10 99 99 99 98  2 99]
 [99 98 99 98 98 98 99 98 98 98 98 99 98 98 99]
 [99 98 99 98 98 98 99 98 98 98 14 99 98 98 99]
 [99 98 99 98 98 98 99 98 98 98 98 99 98 98 99]
 [99 98 99 20 98 98 44 98 98 98 24 99 98 98 99]
 [99 98 99 99 99 99 99 99 99 99 99 99 99 40 99]
 [99 98 98 98 98 98 98 98 98 98 98 98 98 98 99]
 [99 99 99 99 99 99 99 99 99 99 99 99 99 99 99]] 
	Finished in 200 Steps.
	Reward result-> -997
Solved problem7 in 19.136 seconds
###############################################
##  problem8 ##
Game result:
	Map state ->
 [[99 99 99 99 99 99 99 99 99 99 99 99 99 99 99]
 [99 98 99 99 98 98 98 98 99 99 98 98 98 98 99]
 [99 98 98 98 98 22 99 98 99 99 98 99 99 98 99]
 [99 98 98 99 99 99 99 98 11 98 98 99 99 98 99]
 [99 99 98 98 98 12 99 14 99 99 98 99 99 98 99]
 [99 99 98 98 98 98 99 98 99 99 21 99 99 98 99]
 [99 98 98 98 98 98 99 98 98 99 99 99 99 98 99]
 [99 98 98 98 98 99 99 98 98 99 99 99 99 98 99]
 [99 33 98 98 99 99 99 24 98 99 99 99 99 98 99]
 [99 99 99 98 99 99 99 99 44 99 99 99 99 98 99]
 [99 98 98  1 99 99 99 99 98 98 98 98 98 98 99]
 [99 98 99 98 99 99 99 99 99 99 99 99 99 98 99]
 [99 98 99 98 99 99 99 99 99 99 99 99 99 98 99]
 [99 98 98 98 99 99 99 99 99 99 99 99 99 98 99]
 [99 98 98 98 99 99 99 99 99  2 98 42 41 98 99]
 [99 99 99 99 99 99 99 99 99 99 99 99 99 99 99]] 
	Finished in 200 Steps.
	Reward result-> -389
Solved problem8 in 3.880 seconds
###############################################
Game result:
	Map state ->
 [[99 99 99 99 99 99 99 99 99 99 99 99 99 99 99]
 [99 98 99 99 98 98 98 98 99 99 98 98 98 98 99]
 [99 98  1 98 98 32 99 98 99 99 98 99 99 98 99]
 [99 98 98 99 99 99 99 98 11 98 98 99 99 98 99]
 [99 99 98 98 98 98 99 14 99 99 98 99 99 98 99]
 [99 99 98 98 98 98 99 98 99 99 21 99 99 98 99]
 [99 98 98 98 98 98 99 98 98 99 99 99 99 98 99]
 [99 98 98 98 98 99 99 98 98 99 99 99 99 98 99]
 [99 33 98 98 99 99 99 24 98 99 99 99 99 98 99]
 [99 99 99 98 99 99 99 99 44 99 99 99 99 98 99]
 [99 98 98 98 99 99 99 99 98 98 98 98 98 98 99]
 [99 98 99 98 99 99 99 99 99 99 99 99 99 98 99]
 [99 98 99 98 99 99 99 99 99 99 99 99 99 98 99]
 [99 98 98 98 99 99 99 99 99 99 99 99 99 98 99]
 [99 98 98 98 99 99 99 99 99  2 98 98 41 98 99]
 [99 99 99 99 99 99 99 99 99 99 99 99 99 99 99]] 
	Finished in 200 Steps.
	Reward result-> -391
Solved problem8 in 15.844 seconds
###############################################
Game result:
	Map state ->
 [[99 99 99 99 99 99 99 99 99 99 99 99 99 99 99]
 [99 98 99 99 98 98 98 98 99 99 98 98 98 98 99]
 [99 98 98 98 98 22 99 98 99 99 98 99 99 98 99]
 [99 98 98 99 99 99 99 98 98 98 11 99 99 98 99]
 [99 99 98 98 98 12 99 98 99 99 98 99 99 98 99]
 [99 99 98 98 98 98 99 98 99 99 21 99 99 98 99]
 [99 98 98 98 98 98 99 14 98 99 99 99 99 98 99]
 [99 98 98 98 98 99 99 98 98 99 99 99 99 98 99]
 [99 33 98 98 99 99 99 24 98 99 99 99 99 98 99]
 [99 99 99 98 99 99 99 99 44 99 99 99 99 98 99]
 [99 98 98 98 99 99 99 99 98 98 98 98 98 98 99]
 [99 98 99 98 99 99 99 99 99 99 99 99 99 98 99]
 [99  1 99 98 99 99 99 99 99 99 99 99 99 98 99]
 [99 98 98 98 99 99 99 99 99 99 99 99 99 98 99]
 [99 98 98 98 99 99 99 99 99  2 98 42 41 98 99]
 [99 99 99 99 99 99 99 99 99 99 99 99 99 99 99]] 
	Finished in 200 Steps.
	Reward result-> -90.0
Solved problem8 in 7.300 seconds
###############################################
Game result:
	Map state ->
 [[99 99 99 99 99 99 99 99 99 99 99 99 99 99 99]
 [99 98 99 99 98 98 98 98 99 99 98 98 98 98 99]
 [99 98 98 98 98 32 99 98 99 99 98 99 99 98 99]
 [99 98 98 99 99 99 99 98 98 98 11 99 99 98 99]
 [99 99 98 98 98 98 99 98 99 99 98 99 99 98 99]
 [99 99 98 98 98 98 99 98 99 99 21 99 99 98 99]
 [99 98 98 98 98 98 99 98 98 99 99 99 99 98 99]
 [99 98 98 98 98 99 99 98 98 99 99 99 99  1 99]
 [99 33 98 98 99 99 99 34 98 99 99 99 99 98 99]
 [99 99 99 98 99 99 99 99 98 99 99 99 99 98 99]
 [99 98 98 98 99 99 99 99 98 98 98 98 98 98 99]
 [99 98 99 98 99 99 99 99 99 99 99 99 99 98 99]
 [99 98 99 98 99 99 99 99 99 99 99 99 99 98 99]
 [99 98 98 98 99 99 99 99 99 99 99 99 99 98 99]
 [99 98 98 98 99 99 99 99 99  2 98 98 41 98 99]
 [99 99 99 99 99 99 99 99 99 99 99 99 99 99 99]] 
	Finished in 200 Steps.
	Reward result-> -810
Solved problem8 in 16.543 seconds
###############################################
Game result:
	Map state ->
 [[99 99 99 99 99 99 99 99 99 99 99 99 99 99 99]
 [99 98 99 99 98 98 98 98 99 99 98 98 98 98 99]
 [99 98 98 98 98 32 99 98 99 99 98 99 99 98 99]
 [99 98 98 99 99 99 99 98 11 98 98 99 99 98 99]
 [99 99 98 98 98 98 99 14 99 99 98 99 99 98 99]
 [99 99 98 98 98 98 99 98 99 99 21 99 99 98 99]
 [99 98 98 98 98 98 99 98 98 99 99 99 99 98 99]
 [99 98 98 98 98 99 99 98 98 99 99 99 99 98 99]
 [99 23 98 98 99 99 99 24 98 99 99 99 99 98 99]
 [99 99 99 98 99 99 99 99 44 99 99 99 99 98 99]
 [99  1 98 98 99 99 99 99 98 98 98 98 98 98 99]
 [99 98 99 13 99 99 99 99 99 99 99 99 99 98 99]
 [99 98 99 98 99 99 99 99 99 99 99 99 99 98 99]
 [99 98 98 98 99 99 99 99 99 99 99 99 99 98 99]
 [99 98 98 98 99 99 99 99 99  2 43 98 41 98 99]
 [99 99 99 99 99 99 99 99 99 99 99 99 99 99 99]] 
	Finished in 200 Steps.
	Reward result-> -1000
Solved problem8 in 91.802 seconds
###############################################
##  problem9 ##
Game result:
	Map state ->
 [[99 99 99 99 99 99 99 99 99 99 99 99 99 99 99 99 99 99 99 99]
 [99 98 98 98 98 98 98 98 98 98 98 98 98 98 98 98 98 98  2 99]
 [99 99 99 99 99 99 99 49 99 99 99 99 99 99 99 99 98 99 99 99]
 [99 98 98 26 99 29 98 98 27 99 98 98 18 98 99 98 98 98 98 99]
 [99 98 98 98 99 98 98 98 98 99 98 98 98 98 99 98 98 98 98 99]
 [99 98 98 98 46 98 98 98 98 47 98 98 98 98 48 98 98 98 98 99]
 [99 98 98 98 99 98 98 98 98 99 98 98 98 98 99 98 98 98 98 99]
 [99 98 98 98 99 98 98 98 17 99 98 98 98 98 99 98 98 98 98 99]
 [99 98 98 98 99 98 98 98 98 99 98 98 98 98 99 98 98 98 98 99]
 [99 98 98 16 99 98 98 19 98 99 98 98 98 98 99 98 98 98 98 99]
 [99 98 98 98 99 98 98 98 98 99 28 98 98 98 99 98 98 98 98 99]
 [99 99 98 99 99 99 43 99 99 99 99 99 98 99 99 99 99 45 99 99]
 [99 32 98  1 98 98 98 98 98 99 98 98 98 34 98 98 98 98 98 99]
 [99 98 98 98 13 98 98 98 23 99 98 98 98 98 98 98 98 98 25 99]
 [99 98 98 98 98 98 98 98 98 99 98 98 98 98 98 98 98 98 98 99]
 [99 98 98 98 98 98 98 98 98 99 98 98 98 98 98 98 98 98 98 99]
 [99 99 99 99 98 99 99 99 99 99 99 99 99 99 98 99 99 99 99 99]
 [99 98 98 98 98 98 98 98 98 99 31 98 98 98 98 98 98 98 15 99]
 [99 98 98 98 98 30 98 98 98 98 98 98 98 98 98 98 98 98 98 99]
 [99 99 99 99 99 99 99 99 99 99 99 99 99 99 99 99 99 99 99 99]] 
	Finished in 200 Steps.
	Reward result-> -366
Solved problem9 in 2.877 seconds
###############################################
Game result:
	Map state ->
 [[99 99 99 99 99 99 99 99 99 99 99 99 99 99 99 99 99 99 99 99]
 [99 98 98 98 98 98 98 98 98 98 98 98 98 98 98 98 98 98  2 99]
 [99 99 99 99 99 99 99 49 99 99 99 99 99 99 99 99 98 99 99 99]
 [99 98 98 26 99 29 98 98 27 99 98 98 98 98 99 98 98 98 98 99]
 [99 98 98 98 99 98 98 98 98 99 98 98 18 98 99 98 98 98 98 99]
 [99 98 98 98 46 98 98 98 98 47 98 98 98 98 48 98 98 98 98 99]
 [99 98 98 98 99 98 98 98 98 99 98 98 98 98 99 98 98 98 98 99]
 [99 98 98 98 99 98 98 98 17 99 98 98 98 98 99 98 98 98 98 99]
 [99 98 98 98 99 98 98 98 98 99 98 98 98 98 99 98 98 98 98 99]
 [99 98 98 16 99 98 98 19 98 99 98 98 98 98 99 98 98 98 98 99]
 [99 98 98 98 99 98 98 98 98 99 28 98 98 98 99 98 98 98 98 99]
 [99 99 42 99 99 99 43 99 99 99 99 99 44 99 99 99 99 45 99 99]
 [99 22 13 98 98 12 98 98 98 99 98 98 98 24 98 98 98 98 98 99]
 [99 98 98 98 98 98 98 98 23 99 98 98 98 98 98 98 98 98 25 99]
 [99 98 98 98 98 98 98 98 98 99 98 14 98 98 98 98 98 98 98 99]
 [99 98 98 98 98 98 98 98 98 99 98 98 98 98 98 98 98 98 98 99]
 [99 99 99 99 98 99 99 99 99 99 99 99 99 99 41 99 99 99 99 99]
 [99 98 98 98 98 98  1 98 98 99 21 98 98 98 98 11 98 15 98 99]
 [99 98 98 98 98 30 98 98 98 98 98 98 98 98 98 98 98 98 98 99]
 [99 99 99 99 99 99 99 99 99 99 99 99 99 99 99 99 99 99 99 99]] 
	Finished in 200 Steps.
	Reward result-> -403
Solved problem9 in 2.192 seconds
###############################################
Game result:
	Map state ->
 [[99 99 99 99 99 99 99 99 99 99 99 99 99 99 99 99 99 99 99 99]
 [99 98 98 98 98 98 98 98 98 98 98 98 98 98 98 98 98 98  2 99]
 [99 99 99 99 99 99 99 49 99 99 99 99 99 99 99 99 98 99 99 99]
 [99 98 98 26 99 29 98 98 27 99 98 98 98 98 99 98 98 98 98 99]
 [99 98 98 98 99 98 98 98 98 99 98 98 18 98 99 98 98 98 98 99]
 [99 98 98 98 46 98 98 98 98 47 98 98 98 98 48 98 98 98 98 99]
 [99 98 98 98 99 98 98 98 98 99 98 98 98 98 99 98 98 98 98 99]
 [99 98 98 98 99 98 98 98 17 99 98 98 98 98 99 98 98 98 98 99]
 [99 98 98 98 99 98 98 98 98 99 98 98 98 98 99 98 98 98 98 99]
 [99 98 98 16 99 98 98 19 98 99 98 98 98 98 99 98 98 98 98 99]
 [99 98 98 98 99 98 98 98 98 99 28 98 98 98 99 98 98 98 98 99]
 [99 99 42 99 99 99 43 99 99 99 99 99 44 99 99 99 99 45 99 99]
 [99 22 98 98 98 12 98 98 98 99 14 98 98 24 98 98 98 98 98 99]
 [99 98 98 98 13 98 98 98 23 99 98 98 15 98 98 98 98 98 25 99]
 [99 98 98 98 98 98 98 98 98 99 98 98 98 98 98 98 98 98 98 99]
 [99 98 98 98 98 98 98 98 98 99 98 98  1 98 98 98 98 98 98 99]
 [99 99 99 99 40 99 99 99 99 99 99 99 99 99 98 99 99 99 99 99]
 [99 98 98 98 98 98 98 98 98 99 31 98 98 98 98 98 98 98 98 99]
 [99 98 98 98 98 20 10 98 98 98 98 98 98 98 98 98 98 98 98 99]
 [99 99 99 99 99 99 99 99 99 99 99 99 99 99 99 99 99 99 99 99]] 
	Finished in 200 Steps.
	Reward result-> -80.0
Solved problem9 in 2.998 seconds
###############################################
Game result:
	Map state ->
 [[99 99 99 99 99 99 99 99 99 99 99 99 99 99 99 99 99 99 99 99]
 [99 98 98 98 98 98 98 98 98 98 98 98 98 98 98 98 98 98  2 99]
 [99 99 99 99 99 99 99 49 99 99 99 99 99 99 99 99 98 99 99 99]
 [99 98 98 26 99 29 98 98 37 99 98 98 98 98 99 98 98 98 98 99]
 [99 98 98 98 99 98 98 98 98 99 98 98 18 98 99 98 98 98 98 99]
 [99 98 98 98 46 98 98 98 98 98 98  1 98 98 48 98 98 98 98 99]
 [99 98 98 98 99 98 98 98 98 99 98 98 98 98 99 98 98 98 98 99]
 [99 98 98 98 99 19 98 98 98 99 98 98 98 98 99 98 98 98 98 99]
 [99 98 98 98 99 98 98 98 98 99 98 98 98 98 99 98 98 98 98 99]
 [99 98 98 16 99 98 98 98 98 99 98 98 98 98 99 98 98 98 98 99]
 [99 98 98 98 99 98 98 98 98 99 28 98 98 98 99 98 98 98 98 99]
 [99 99 42 99 99 99 98 99 99 99 99 99 44 99 99 99 99 45 99 99]
 [99 22 12 98 98 98 98 98 98 99 98 98 98 24 98 98 98 98 98 99]
 [99 98 98 98 98 98 98 98 33 99 98 98 98 98 98 98 98 98 25 99]
 [99 98 98 98 98 98 98 98 98 99 98 14 98 98 98 98 98 98 98 99]
 [99 98 98 98 98 98 98 98 98 99 98 98 98 98 98 98 98 98 98 99]
 [99 99 99 99 98 99 99 99 99 99 99 99 99 99 41 99 99 99 99 99]
 [99 98 98 98 98 98 98 98 98 99 21 98 98 98 98 98 11 15 98 99]
 [99 98 98 98 98 30 98 98 98 98 98 98 98 98 98 98 98 98 98 99]
 [99 99 99 99 99 99 99 99 99 99 99 99 99 99 99 99 99 99 99 99]] 
	Finished in 200 Steps.
	Reward result-> -810
Solved problem9 in 4.057 seconds
###############################################
Game result:
	Map state ->
 [[99 99 99 99 99 99 99 99 99 99 99 99 99 99 99 99 99 99 99 99]
 [99 98 98 98 98 98 98 98 98 98 98 98 98 98 98 98 98 98  2 99]
 [99 99 99 99 99 99 99 49 99 99 99 99 99 99 99 99 98 99 99 99]
 [99 98 98 36 99 29 98 98 27 99 98 98 98 98 99 98 98 98 98 99]
 [99 98 98 98 99 98 98 98 98 99 98 98 18 98 99 98 98 98 98 99]
 [99  1 98 98 98 98 98 98 98 47 98 98 98 98 48 98 98 98 98 99]
 [99 98 98 98 99 98 98 98 98 99 98 98 98 98 99 98 98 98 98 99]
 [99 98 98 98 99 98 98 98 17 99 98 98 98 98 99 98 98 98 98 99]
 [99 98 98 98 99 98 98 98 98 99 98 98 98 98 99 98 98 98 98 99]
 [99 98 98 98 99 98 98 19 98 99 98 98 98 98 99 98 98 98 98 99]
 [99 98 98 98 99 98 98 98 98 99 28 98 98 98 99 98 98 98 98 99]
 [99 99 98 99 99 99 43 99 99 99 99 99 44 99 99 99 99 45 99 99]
 [99 32 98 98 98 98 98 98 98 99 98 98 98 24 98 98 98 98 98 99]
 [99 98 98 98 98 98 98 98 23 99 98 98 98 98 98 98 98 98 25 99]
 [99 98 98 98 98 98 98 98 98 99 98 14 98 98 98 98 98 98 98 99]
 [99 98 98 13 98 98 98 98 98 99 98 98 98 98 98 98 98 98 98 99]
 [99 99 99 99 98 99 99 99 99 99 99 99 99 99 41 99 99 99 99 99]
 [99 98 98 98 98 98 98 98 98 99 21 98 98 98 98 11 15 98 98 99]
 [99 98 98 98 98 30 98 98 98 98 98 98 98 98 98 98 98 98 98 99]
 [99 99 99 99 99 99 99 99 99 99 99 99 99 99 99 99 99 99 99 99]] 
	Finished in 200 Steps.
	Reward result-> -991
Solved problem9 in 2.764 seconds
###############################################
##  problem10 ##
