0:00:00.375592 avg: -85.0 max: -85 rewards: [-85, -85, -85, -85, -85, -85, -85, -85, -85, -85, -85, -85, -85, -85, -85, -85, -85, -85, -85, -85]
#1 problem7_1 0:00:00.014004 avg: 42.1 max: 155 rewards: [149, 143, 127, -200, 155, 143, -200, 153, 155, 119, 147, 155, -200, 155, -200, 153, -200, -200, 147, 141]
#2 problem7_1 0:02:13.922196 avg: -87.9 max: 269 rewards: [175, 149, -400, 269, 215, 245, -400, -400, -400, 235, -400, 245, -400, -400, 263, -400, 253, -400, -400, 193]
#1 no_sol 0:00:00.014240 avg: 42.1 max: 155 rewards: [149, 143, 127, -200, 155, 143, -200, 153, 155, 119, 147, 155, -200, 155, -200, 153, -200, -200, 147, 141]
#2 no_sol 0:09:11.065840 avg: -400.0 max: -400 rewards: [-400, -400, -400, -400, -400, -400, -400, -400, -400, -400, -400, -400, -400, -400, -400, -400, -400, -400, -400, -400]
#1 problem7_2 0:00:00.087239 avg: 42.1 max: 155 rewards: [149, 143, 127, -200, 155, 143, -200, 153, 155, 119, 147, 155, -200, 155, -200, 153, -200, -200, 147, 141]
#2 problem7_2 0:08:50.444067 avg: -15.45 max: 233 rewards: [-400, -400, -400, 199, 125, 193, 233, 163, -400, 179, 209, -400, 165, -400, -400, 225, 215, 209, 209, 167]
#1 problem7 0:00:00.091070 avg: 42.1 max: 155 rewards: [149, 143, 127, -200, 155, 143, -200, 153, 155, 119, 147, 155, -200, 155, -200, 153, -200, -200, 147, 141]
#2 problem7 0:12:03.904507 avg: -241.45 max: 137 rewards: [-400, -400, -400, 91, -400, 85, -400, -400, -43, -400, -400, -400, 137, -43, -400, -400, 39, 105, -400, -400]
#1 problem8_2 0:00:00.013575 avg: 42.1 max: 155 rewards: [149, 143, 127, -200, 155, 143, -200, 153, 155, 119, 147, 155, -200, 155, -200, 153, -200, -200, 147, 141]
#2 problem8_2 0:05:49.772476 avg: -257.8 max: 113 rewards: [-400, -400, -400, -41, -400, -400, -400, -400, -45, 9, -400, -395, 45, -45, 113, -400, -400, 3, -400, -400]
#1 problem8_1 0:00:00.013442 avg: 42.1 max: 155 rewards: [149, 143, 127, -200, 155, 143, -200, 153, 155, 119, 147, 155, -200, 155, -200, 153, -200, -200, 147, 141]
#2 problem8_1 0:07:08.028858 avg: -268.1 max: 77 rewards: [-400, -400, -400, -400, -41, -400, -400, -400, 67, -400, 77, -400, -400, 67, -400, -400, -9, -400, 77, -400]
#1 problem8 0:00:00.014057 avg: 42.1 max: 155 rewards: [149, 143, 127, -200, 155, 143, -200, 153, 155, 119, 147, 155, -200, 155, -200, 153, -200, -200, 147, 141]
#2 problem8 0:00:00.442219 avg: 309.4 max: 316 rewards: [310, 312, 316, 308, 316, 306, 316, 312, 316, 302, 302, 312, 312, 316, 292, 312, 302, 316, 302, 308]
#1 problem1 0:00:00.013877 avg: 42.1 max: 155 rewards: [149, 143, 127, -200, 155, 143, -200, 153, 155, 119, 147, 155, -200, 155, -200, 153, -200, -200, 147, 141]
#2 problem1 0:00:00.543132 avg: 167.1 max: 323 rewards: [-400, 295, 307, 307, 319, 301, -400, 311, 313, 305, 307, 299, 307, 313, -400, 323, -400, 317, 307, 311]
#1 problem2 0:00:00.013892 avg: 42.1 max: 155 rewards: [149, 143, 127, -200, 155, 143, -200, 153, 155, 119, 147, 155, -200, 155, -200, 153, -200, -200, 147, 141]
#2 problem2 0:02:22.106213 avg: 157.9 max: 237 rewards: [119, 185, 211, 181, 186, 193, 59, 154, 193, 225, 211, 237, 214, 193, 205, 197, -393, 185, 211, 192]
#1 problem3 0:00:00.013515 avg: 42.1 max: 155 rewards: [149, 143, 127, -200, 155, 143, -200, 153, 155, 119, 147, 155, -200, 155, -200, 153, -200, -200, 147, 141]
#2 problem3 0:00:00.296354 avg: 259.3 max: 339 rewards: [329, 331, 331, 339, 335, 335, 329, -400, 327, 335, 335, 335, 331, 327, 329, 337, -400, 329, 335, 337]
#1 problem4 0:00:00.014581 avg: 42.1 max: 155 rewards: [149, 143, 127, -200, 155, 143, -200, 153, 155, 119, 147, 155, -200, 155, -200, 153, -200, -200, 147, 141]
#2 problem4 0:00:00.351551 avg: 315.8 max: 327 rewards: [317, 323, 321, 315, 327, 309, 309, 323, 319, 315, 305, 327, 315, 319, 297, 319, 311, 321, 305, 319]
#1 problem5 0:00:00.013721 avg: 42.1 max: 155 rewards: [149, 143, 127, -200, 155, 143, -200, 153, 155, 119, 147, 155, -200, 155, -200, 153, -200, -200, 147, 141]
#2 problem5 0:01:23.253654 avg: -15.65 max: 226 rewards: [-395, -400, 218, 204, -400, 166, 34, -395, 124, 122, 126, 156, -393, 124, 156, 160, 128, 226, 126, -400]
#1 problem6 0:00:00.015057 avg: 42.1 max: 155 rewards: [149, 143, 127, -200, 155, 143, -200, 153, 155, 119, 147, 155, -200, 155, -200, 153, -200, -200, 147, 141]
#2 problem6 0:00:00.218592 avg: 335.7 max: 341 rewards: [325, 337, 341, 335, 339, 339, 333, 339, 339, 341, 325, 341, 331, 339, 339, 333, 337, 341, 325, 335]
#1 problem20 0:00:00.016020 avg: 42.1 max: 155 rewards: [149, 143, 127, -200, 155, 143, -200, 153, 155, 119, 147, 155, -200, 155, -200, 153, -200, -200, 147, 141]
#2 problem20 0:05:54.059085 avg: -198.7 max: 151 rewards: [-372, 56, 68, -400, -400, -400, -400, -400, -379, -379, 66, -400, 131, -379, 105, 64, -372, -400, 66, 151]
=======================================================================
